1110100100
1011111100
1110101001
0000111011
1101101100
1011110101
1100001000
1011000111
1011011000
1111010100
----------
1100010110
0001110110
0011101111
0010100101
0011001101
1110111111
0000111000
1101001110
1111110000
0001101001
----------
0000111100
0010101011
1101101011
1010111111
0111101010
0011101010
1011011000
0011010000
0011011010
1010100101
----------
1011111111
1100111011
0101100111
0011110001
0001001100
0100000101
0000100000
0100110101
1000111101
1011101101
----------
1010001000
1001111001
0011111001
1110110010
0001100011
0110011011
0011101101
0110101001
0110110001
1111010101
----------
1101110000
1101100110
1101100110
1100010001
1111011101
1001000010
0101100010
1101000010
0011000001
0001001111
----------
0011101010
1000011111
1011101111
0000110000
1001000011
1000011101
0000110100
0011011011
0101111101
1011111111
----------
0011101011
0100010011
0100000011
0100100100
0101110010
0101101011
1010111011
1110000100
1101111101
0011101001
----------
0110101100
0000110101
0110101110
0111110110
1111001001
0111011010
0101011010
0011011100
1110111101
0100001101
----------
1101011111
1000000100
0000001110
0011101110
0000111110
1010100111
0011010111
0011101111
1000111000
0101000110
----------
